1
18096
29296
13168
14576
32208
35216
33680
17712
1584
15472
19152
23344
4176
37904
8208
17456
31568
15632
304
2480
18992
29520
6128
29744
30448
16
14512
21328
2160
22128
1552
35984
7280
28336
33424
9520
38512
31920
38128
27024
4784
16560
18896
18128
5520
17584
35600
27216
25392
11280
20272
10128
37936
21488
7152
4304
28752
3920
16208
10672
26704
38960
560
20976
36016
1872
19408
38736
17968
656
2256
25616
37040
16880
18960
17840
29360
30416
5936
25648
2608
31600
15504
11408
27120
28112
8752
28016
21936
25552
20144
7888
25072
30704
30288
13936
9776
29072
2800
18672
20848
38768
3056
31408
22576
10704
8112
19984
26000
4560
7824
11344
9808
13392
14352
17232
19696
368
5680
26896
33488
26448
27728
6512
6992
10896
30032
22064
26832
816
31344
7248
28720
4496
6288
18000
9232
11376
33392
29104
28944
27248
38672
14704
19856
5264
1264
14032
11440
5712
29328
6608
23536
23440
18320
34928
12112
2224
36208
10608
34384
31184
12560
31376
26544
27792
30480
24624
15920
32848
30768
15536
16656
1648
27280
2192
15568
2960
32432
7408
38064
34576
17392
18448
23216
23184
496
17136
24272
4336
30672
21424
2704
37488
19824
28560
16464
19312
32720
27632
38992
12080
20048
19952
27984
22096
33136
39024
27504
13680
944
28304
25296
35120
35920
39728
2576
18192
23824
34224
10096
36688
5456
8464
24944
31760
5968
21392
29616
3632
14448
19280
38320
30192
22480
24656
13840
12784
29712
27856
23920
18416
25200
32816
19184
752
10352
14544
7440
34992
13328
19120
17104
17520
3600
1008
24560
39344
14416
24368
11600
22352
26864
5616
38384
14288
21808
14608
34032
20208
5360
9616
28592
24208
39216
23408
39888
37168
7120
27536
38224
5776
18032
29488
38608
36624
21040
31504
21136
12912
8368
2288
23088
7056
4272
6320
11952
36112
34064
10384
32976
912
4656
24144
21168
36720
4368
22640
18384
37584
11504
9904
7088
15024
2448
25808
14736
26032
6928
9456
11568
22896
37648
11920
7376
12944
37456
18736
38928
39856
32784
16304
28432
29968
35024
39056
14672
7600
24688
30832
20464
7216
23312
24816
11696
2096
14896
5200
39152
24752
23376
35504
17616
26992
784
15248
10736
33040
7024
38160
6160
16176
11088
24080
15984
10064
10832
25520
4848
6064
25264
1072
29232
1968
3440
26672
10864
38832
11120
35088
2992
39312
4112
6768
20016
7728
26608
15856
28464
1616
16752
19344
35184
31056
11152
10416
20112
24048
2832
38256
8944
29200
8240
31984
39760
48
21552
25040
9648
34192
11472
18768
1200
9040
30128
1424
36816
4720
27472
22672
32464
5648
36784
20816
26096
17744
38096
27376
32080
23632
4592
19440
15408
5872
21072
35152
2512
3024
35760
33456
17360
34704
7504
12880
28528
34800
6224
9296
16496
28688
14000
32592
22832
30640
15184
6416
25456
31952
24400
3248
25168
3824
12208
6800
37776
720
13136
17040
6352
39440
1520
9552
17872
11664
8048
8784
28208
18832
18064
36880
39472
240
11312
35952
13360
20656
9360
13424
27408
3952
2864
8720
5136
20080
15600
16848
25104
23568
30256
18160
31120
20880
37328
7536
15824
20784
7856
15760
17168
144
23984
15792
4688
22032
17776
4144
8528
34448
25936
29776
36848
37200
30064
15888
25968
19632
33616
34352
6704
19024
29392
12624
15088
1744
22320
2000
32560
21008
2032
5584
15952
8560
10256
24976
37360
6448
4016
26384
35824
37872
23792
21584
9136
18288
32304
39696
25232
15728
31280
27344
39664
35440
26640
32048
35536
11760
38416
12016
3856
28272
26256
15056
16016
23024
27920
11824
5104
24592
32272
33168
1840
27760
23856
12592
4208
37264
19376
36336
20912
35248
10480
31440
35408
33200
10544
32496
28144
6896
30960
5904
16432
33520
5328
37136
34544
34096
32656
30224
12816
39536
26160
33904
36464
16272
3984
32176
7312
9840
34640
1296
11248
17072
3280
18864
19472
18512
12752
39184
22928
35472
28240
32624
1136
24112
6736
34768
8592
3344
37104
30160
9264
23664
37008
28912
3216
9168
23248
30736
16336
37616
8336
33104
8880
29168
35376
39600
5168
23280
13488
20368
7632
22288
18224
23152
5424
8496
3696
34320
3184
5808
27824
32112
29584
8400
1712
22192
18544
5488
15120
26480
23952
13616
11984
33808
24464
29904
5552
13264
28496
624
32880
19056
33552
16528
4752
2672
12144
15152
20720
19728
26960
34288
28656
24784
30352
34416
26736
30800
34608
38704
30992
39920
25872
19216
1776
16944
8080
37744
24880
33776
31632
19792
33232
6096
10032
36240
29808
2928
17648
6832
18576
16688
3568
528
37840
35856
17200
34736
31856
39568
25744
26128
38864
35344
21904
37072
25840
29872
12496
13040
17680
16048
6672
3120
24016
10512
37968
27152
688
36176
4240
31088
5232
15696
3888
11536
27056
26416
6480
10224
10640
32944
9072
3472
8816
24432
25712
14256
35632
4464
28784
22416
22800
19664
39792
33584
11024
30544
31728
21296
8624
29264
16624
37552
16816
28400
26320
11728
12656
30512
36048
19088
12464
24304
19568
10320
20400
8688
25680
4912
7792
39408
23760
2544
5040
15312
18704
29648
3792
27888
15216
9104
9424
34160
4880
39952
29424
18928
16240
8976
20624
6032
29936
272
22256
9968
13584
15376
38576
10448
19888
36528
10160
36496
12848
592
38192
37232
28080
13968
36912
13872
13008
18640
24912
33072
22160
3664
19248
38448
38800
26288
22384
14992
28816
2896
21456
1392
36272
20176
25904
34000
18480
36944
1904
17008
11888
38480
13104
35728
30928
23600
21872
36368
12336
26064
37392
14160
31248
7472
14384
13232
34672
17296
33296
35888
29136
7984
25776
28048
22864
21648
23056
39280
21680
7344
12368
336
12240
24240
16400
37712
36656
22544
23888
39120
9744
24176
7920
28848
11632
32144
26928
3152
16976
36080
34128
38288
15344
31792
9680
18256
1680
14224
15440
36752
13296
34512
26352
33872
10800
21104
8848
3728
27568
13200
6192
19920
33328
6544
31536
17264
1936
9872
1488
39376
23120
30576
14640
14928
13776
36400
23472
33360
8432
13552
27184
36560
5072
432
25136
10960
12720
31888
21360
10992
26512
8304
14864
24496
16144
80
9712
33712
14768
29680
24720
8272
20336
35664
37680
20752
32016
15280
36976
12976
31024
16368
36592
38032
14128
2736
12400
32400
16592
21616
18352
22704
21840
31472
25488
35280
10192
21520
13520
36144
8912
21968
12528
13744
28368
36304
20944
19536
20496
25328
37296
38896
19600
3504
17424
8176
19760
4080
32688
26192
22448
6000
31824
17552
9200
20528
16720
30000
35696
14832
33264
33936
35792
33648
31216
2768
9936
22512
20592
9328
29552
19504
880
34256
21776
21200
16784
10576
7664
27696
12304
39088
27440
28880
13072
4816
1168
20688
6576
4400
38000
3408
29456
1104
464
2128
27664
26224
16912
38640
5840
21232
8656
39248
25360
12688
23728
29008
14192
31664
20240
31152
400
14064
14480
36432
20432
14800
6384
18608
25584
11216
3312
28976
9584
30096
3760
6640
33968
112
10768
34960
1360
6960
35056
2384
26576
6256
5744
9392
27088
976
1328
38544
30384
13712
31312
34832
22000
8144
22992
2416
34480
13904
208
17328
176
13808
13456
4976
10928
39504
17808
24528
32240
32368
27600
1808
4432
27952
21712
29040
848
22608
7568
4528
1040
14320
8016
30608
7952
1456
38352
14960
11056
24848
12048
12432
12272
2320
4944
16112
26800
37424
4624
5296
27312
32336
3088
2064
39824
30320
28176
16080
20304
10288
33008
34864
2640
25008
25424
21744
17936
13648
23504
30896
15664
35568
28624
1232
11856
5008
30864
6864
37520
35312
32752
32528
9488
2352
3376
5392
22960
39632
22736
33840
4048
26768
37808
3536
32912
23696
33744
21264
7184
17904
18800
29840
9008
17488
7696
31696
10000
11184
22224
12176
39984
11792
24336
20560
7760
34896
14096
22768
-1
