19168
7616
8160
18752
1440
15968
16672
17984
20000
17440
1952
15520
3808
11296
10432
10880
7264
18112
6144
10240
17280
8608
4864
7936
3616
5024
19776
15392
3936
11520
12416
4928
13056
17568
14272
19520
15776
19392
19648
12704
10560
16736
14944
9472
2816
448
12000
7520
9920
10336
6016
13792
13728
19744
15008
3424
19328
9792
6176
15904
9344
8352
13216
13504
3296
8864
15488
9824
15200
8288
19104
17504
17600
14912
16160
10112
15680
4128
5952
16320
9728
9600
16608
15744
6368
12192
3040
7008
11584
12512
17344
10912
11456
7648
12160
11264
6240
11200
9280
1088
9088
8672
2592
480
18656
4448
928
5216
12544
13760
18432
8512
11616
12352
16640
12640
9504
14560
16448
19584
17664
13824
960
12320
14656
1024
16096
4800
4544
8704
17376
6656
15424
2080
4832
13024
10592
18720
17472
16800
8768
12608
16960
10624
17312
1280
11552
1920
7392
18016
6208
1056
7680
288
19136
17728
11648
10304
6720
7040
1888
8096
6304
2720
8960
800
4160
15040
7136
2368
2144
320
8416
6688
10496
5888
640
10688
1184
15232
1664
6528
4704
9568
3712
16224
896
12576
7584
19456
8640
1408
13952
8800
6880
8736
1824
19936
6976
16768
10176
15136
256
2976
3328
12096
13152
576
2784
13184
14816
1216
18304
18080
7328
15584
3776
9536
7712
4896
416
4256
13888
4384
19552
5056
12800
13920
864
9056
7968
19040
3488
11136
1536
2176
7168
17888
14048
12992
3840
14400
19808
192
3456
16832
4960
18784
7360
7744
15264
11424
6400
4576
224
8544
15072
2016
13632
16896
19968
13696
8480
5696
18688
14144
19680
5152
10400
11232
6080
13984
704
14592
17120
17184
13344
13408
9440
2528
8224
11968
4032
8032
19264
4192
5504
17952
11328
15456
14720
2464
8000
4992
18336
18208
13472
12288
17248
14112
2560
1632
352
12480
6624
9888
2208
9632
12128
3104
5792
1728
18592
10272
11872
11488
12064
10656
2272
8128
2752
6944
6848
6784
19488
3168
15648
13376
11744
6336
10144
5408
13280
5440
16000
3744
4064
14464
19904
9952
2432
10464
13536
19712
13312
16416
7552
2848
2688
16512
9696
11936
9184
17216
3360
5088
64
12448
16128
8992
2400
15712
1248
2496
15552
160
3072
5248
5856
4224
4416
1696
3904
1856
14240
6048
17792
5664
17056
16288
5600
12736
4480
8320
14496
8832
2944
9376
10080
608
6432
15936
18400
12896
18528
736
10944
13856
18368
16192
1504
6464
18272
8256
96
6752
15168
13440
9152
17408
7232
2624
17824
10752
7904
15104
14304
17856
10528
4320
14016
544
4512
7456
18176
6272
12864
15872
19360
8928
7808
11040
19008
11776
6560
5472
2048
9408
15616
10368
7072
2912
19232
8384
9760
19296
14752
14208
8896
1152
5120
1344
13568
14688
7296
1984
12032
15296
18240
2336
10208
11808
14528
7840
5536
16544
992
9856
18048
512
672
3872
12960
16256
4288
11104
3968
14976
3520
6496
16480
16352
11008
4000
10720
5312
3264
14784
17920
15360
6816
13600
7104
10816
1472
5824
18560
3680
5376
384
3392
18144
12224
19840
11392
15840
1376
12672
9664
3648
10848
16576
9984
2112
5568
11360
7200
18816
1568
4768
11712
12384
6912
18944
18464
3584
9312
5344
5984
768
2304
9216
4672
2880
10048
10016
5760
18976
14848
13120
17632
5728
8448
17760
14080
1600
9024
4608
14336
1120
8576
18848
12832
4640
4736
19616
7776
18912
15808
12768
1312
11680
17536
16384
18880
7424
7872
2656
19072
12256
16064
13248
3008
14368
4096
7488
3136
17024
4352
3200
13664
5632
16928
9120
14880
832
17088
16992
18496
1760
3552
11168
16864
8064
19872
18624
11904
16704
6592
13088
14432
10976
5184
1792
5920
17152
15328
11840
12928
19200
9248
10784
8192
6112
19424
2240
5280
14176
11072
17696
128
14624
16032
3232
-1
