20000
19968
19936
19904
19872
19840
19808
19776
19744
19712
19680
19648
19616
19584
19552
19520
19488
19456
19424
19392
19360
19328
19296
19264
19232
19200
19168
19136
19104
19072
19040
19008
18976
18944
18912
18880
18848
18816
18784
18752
18720
18688
18656
18624
18592
18560
18528
18496
18464
18432
18400
18368
18336
18304
18272
18240
18208
18176
18144
18112
18080
18048
18016
17984
17952
17920
17888
17856
17824
17792
17760
17728
17696
17664
17632
17600
17568
17536
17504
17472
17440
17408
17376
17344
17312
17280
17248
17216
17184
17152
17120
17088
17056
17024
16992
16960
16928
16896
16864
16832
16800
16768
16736
16704
16672
16640
16608
16576
16544
16512
16480
16448
16416
16384
16352
16320
16288
16256
16224
16192
16160
16128
16096
16064
16032
16000
15968
15936
15904
15872
15840
15808
15776
15744
15712
15680
15648
15616
15584
15552
15520
15488
15456
15424
15392
15360
15328
15296
15264
15232
15200
15168
15136
15104
15072
15040
15008
14976
14944
14912
14880
14848
14816
14784
14752
14720
14688
14656
14624
14592
14560
14528
14496
14464
14432
14400
14368
14336
14304
14272
14240
14208
14176
14144
14112
14080
14048
14016
13984
13952
13920
13888
13856
13824
13792
13760
13728
13696
13664
13632
13600
13568
13536
13504
13472
13440
13408
13376
13344
13312
13280
13248
13216
13184
13152
13120
13088
13056
13024
12992
12960
12928
12896
12864
12832
12800
12768
12736
12704
12672
12640
12608
12576
12544
12512
12480
12448
12416
12384
12352
12320
12288
12256
12224
12192
12160
12128
12096
12064
12032
12000
11968
11936
11904
11872
11840
11808
11776
11744
11712
11680
11648
11616
11584
11552
11520
11488
11456
11424
11392
11360
11328
11296
11264
11232
11200
11168
11136
11104
11072
11040
11008
10976
10944
10912
10880
10848
10816
10784
10752
10720
10688
10656
10624
10592
10560
10528
10496
10464
10432
10400
10368
10336
10304
10272
10240
10208
10176
10144
10112
10080
10048
10016
9984
9952
9920
9888
9856
9824
9792
9760
9728
9696
9664
9632
9600
9568
9536
9504
9472
9440
9408
9376
9344
9312
9280
9248
9216
9184
9152
9120
9088
9056
9024
8992
8960
8928
8896
8864
8832
8800
8768
8736
8704
8672
8640
8608
8576
8544
8512
8480
8448
8416
8384
8352
8320
8288
8256
8224
8192
8160
8128
8096
8064
8032
8000
7968
7936
7904
7872
7840
7808
7776
7744
7712
7680
7648
7616
7584
7552
7520
7488
7456
7424
7392
7360
7328
7296
7264
7232
7200
7168
7136
7104
7072
7040
7008
6976
6944
6912
6880
6848
6816
6784
6752
6720
6688
6656
6624
6592
6560
6528
6496
6464
6432
6400
6368
6336
6304
6272
6240
6208
6176
6144
6112
6080
6048
6016
5984
5952
5920
5888
5856
5824
5792
5760
5728
5696
5664
5632
5600
5568
5536
5504
5472
5440
5408
5376
5344
5312
5280
5248
5216
5184
5152
5120
5088
5056
5024
4992
4960
4928
4896
4864
4832
4800
4768
4736
4704
4672
4640
4608
4576
4544
4512
4480
4448
4416
4384
4352
4320
4288
4256
4224
4192
4160
4128
4096
4064
4032
4000
3968
3936
3904
3872
3840
3808
3776
3744
3712
3680
3648
3616
3584
3552
3520
3488
3456
3424
3392
3360
3328
3296
3264
3232
3200
3168
3136
3104
3072
3040
3008
2976
2944
2912
2880
2848
2816
2784
2752
2720
2688
2656
2624
2592
2560
2528
2496
2464
2432
2400
2368
2336
2304
2272
2240
2208
2176
2144
2112
2080
2048
2016
1984
1952
1920
1888
1856
1824
1792
1760
1728
1696
1664
1632
1600
1568
1536
1504
1472
1440
1408
1376
1344
1312
1280
1248
1216
1184
1152
1120
1088
1056
1024
992
960
928
896
864
832
800
768
736
704
672
640
608
576
544
512
480
448
416
384
352
320
288
256
224
192
160
128
96
64
-1
