19968
64
19936
96
19904
128
19872
160
19840
192
19808
224
19776
256
19744
288
19712
320
19680
352
19648
384
19616
416
19584
448
19552
480
19520
512
19488
544
19456
576
19424
608
19392
640
19360
672
19328
704
19296
736
19264
768
19232
800
19200
832
19168
864
19136
896
19104
928
19072
960
19040
992
19008
1024
18976
1056
18944
1088
18912
1120
18880
1152
18848
1184
18816
1216
18784
1248
18752
1280
18720
1312
18688
1344
18656
1376
18624
1408
18592
1440
18560
1472
18528
1504
18496
1536
18464
1568
18432
1600
18400
1632
18368
1664
18336
1696
18304
1728
18272
1760
18240
1792
18208
1824
18176
1856
18144
1888
18112
1920
18080
1952
18048
1984
18016
2016
17984
2048
17952
2080
17920
2112
17888
2144
17856
2176
17824
2208
17792
2240
17760
2272
17728
2304
17696
2336
17664
2368
17632
2400
17600
2432
17568
2464
17536
2496
17504
2528
17472
2560
17440
2592
17408
2624
17376
2656
17344
2688
17312
2720
17280
2752
17248
2784
17216
2816
17184
2848
17152
2880
17120
2912
17088
2944
17056
2976
17024
3008
16992
3040
16960
3072
16928
3104
16896
3136
16864
3168
16832
3200
16800
3232
16768
3264
16736
3296
16704
3328
16672
3360
16640
3392
16608
3424
16576
3456
16544
3488
16512
3520
16480
3552
16448
3584
16416
3616
16384
3648
16352
3680
16320
3712
16288
3744
16256
3776
16224
3808
16192
3840
16160
3872
16128
3904
16096
3936
16064
3968
16032
4000
16000
4032
15968
4064
15936
4096
15904
4128
15872
4160
15840
4192
15808
4224
15776
4256
15744
4288
15712
4320
15680
4352
15648
4384
15616
4416
15584
4448
15552
4480
15520
4512
15488
4544
15456
4576
15424
4608
15392
4640
15360
4672
15328
4704
15296
4736
15264
4768
15232
4800
15200
4832
15168
4864
15136
4896
15104
4928
15072
4960
15040
4992
15008
5024
14976
5056
14944
5088
14912
5120
14880
5152
14848
5184
14816
5216
14784
5248
14752
5280
14720
5312
14688
5344
14656
5376
14624
5408
14592
5440
14560
5472
14528
5504
14496
5536
14464
5568
14432
5600
14400
5632
14368
5664
14336
5696
14304
5728
14272
5760
14240
5792
14208
5824
14176
5856
14144
5888
14112
5920
14080
5952
14048
5984
14016
6016
13984
6048
13952
6080
13920
6112
13888
6144
13856
6176
13824
6208
13792
6240
13760
6272
13728
6304
13696
6336
13664
6368
13632
6400
13600
6432
13568
6464
13536
6496
13504
6528
13472
6560
13440
6592
13408
6624
13376
6656
13344
6688
13312
6720
13280
6752
13248
6784
13216
6816
13184
6848
13152
6880
13120
6912
13088
6944
13056
6976
13024
7008
12992
7040
12960
7072
12928
7104
12896
7136
12864
7168
12832
7200
12800
7232
12768
7264
12736
7296
12704
7328
12672
7360
12640
7392
12608
7424
12576
7456
12544
7488
12512
7520
12480
7552
12448
7584
12416
7616
12384
7648
12352
7680
12320
7712
12288
7744
12256
7776
12224
7808
12192
7840
12160
7872
12128
7904
12096
7936
12064
7968
12032
8000
12000
8032
11968
8064
11936
8096
11904
8128
11872
8160
11840
8192
11808
8224
11776
8256
11744
8288
11712
8320
11680
8352
11648
8384
11616
8416
11584
8448
11552
8480
11520
8512
11488
8544
11456
8576
11424
8608
11392
8640
11360
8672
11328
8704
11296
8736
11264
8768
11232
8800
11200
8832
11168
8864
11136
8896
11104
8928
11072
8960
11040
8992
11008
9024
10976
9056
10944
9088
10912
9120
10880
9152
10848
9184
10816
9216
10784
9248
10752
9280
10720
9312
10688
9344
10656
9376
10624
9408
10592
9440
10560
9472
10528
9504
10496
9536
10464
9568
10432
9600
10400
9632
10368
9664
10336
9696
10304
9728
10272
9760
10240
9792
10208
9824
10176
9856
10144
9888
10112
9920
10080
9952
10048
9984
-1
